Welcome to the Bank Simulation!
We need some information to initialize your simulation...
How many tellers will you have? How many hours will your bank be open? How many customers do you expect per hour? What is the average transaction time (in minutes) of a customer? How many people can wait in your bank? Enter a seed: 
Customer ID    Arrival Time   Service Time   Queue Loc   Teller Loc  Time Serv Beg  Time Cust Waits  Time Serv Ends Total Time     
0              0.64           5.83           -1          0           0.64           0.00             6.47           5.83           
1              9.54           13.82          -1          0           9.54           0.00             23.36          13.82          
2              11.54          2.84           0           0           23.36          11.82            26.20          14.66          
3              12.45          9.11           0           0           26.20          13.75            35.31          22.86          
4              16.20          1.39           0           0           35.31          19.12            36.70          20.50          
5              16.58          1.72           0           0           36.70          20.12            38.42          21.84          
6              20.46          2.56           0           0           38.42          17.96            40.98          20.52          
7              21.06          5.66           0           0           40.98          19.92            46.64          25.59          
8              24.97          0.42           0           0           46.64          21.68            47.07          22.10          
9              27.95          0.53           0           0           47.07          19.11            47.60          19.64          
10             28.23          1.90           0           0           47.60          19.36            49.50          21.27          
11             29.08          5.43           0           0           49.50          20.42            54.93          25.85          
12             29.62          17.39          0           0           54.93          25.31            72.31          42.69          
13             33.52          1.48           0           0           72.31          38.79            73.80          40.27          
15             36.87          0.03           0           0           73.80          36.93            73.82          36.95          
16             40.44          5.10           0           0           73.82          33.38            78.93          38.49          
17             42.86          4.99           0           0           78.93          36.07            83.91          41.06          
18             44.86          0.20           0           0           83.91          39.06            84.12          39.26          
20             46.94          0.89           0           0           84.12          37.18            85.01          38.07          
21             47.09          3.21           0           0           85.01          37.92            88.22          41.13          
24             47.76          3.11           0           0           88.22          40.45            91.32          43.56          
25             49.68          3.38           0           0           91.32          41.64            94.71          45.03          
26             58.10          15.44          0           0           94.71          36.60            110.15         52.05          
33             74.61          15.68          0           0           110.15         35.54            125.83         51.21          
34             80.41          0.73           0           0           125.83         45.42            126.56         46.15          
35             81.49          12.62          0           0           126.56         45.07            139.18         57.69          
36             82.50          2.22           0           0           139.18         56.69            141.41         58.91          
39             85.99          15.01          0           0           141.41         55.42            156.42         70.43          
40             88.01          9.66           0           0           156.42         68.41            166.08         78.07          
41             88.59          12.00          0           0           166.08         77.49            178.08         89.49          
42             90.48          0.42           0           0           178.08         87.60            178.50         88.02          
43             92.83          0.73           0           0           178.50         85.67            179.23         86.40          
44             95.48          8.96           0           0           179.23         83.75            188.19         92.72          
53             111.85         14.69          0           0           188.19         76.34            202.88         91.03          
63             127.05         0.30           0           0           202.88         75.82            203.18         76.12          
64             129.06         19.99          0           0           203.18         74.12            223.16         94.10          
71             144.91         7.26           0           0           223.16         78.25            230.42         85.51          
72             146.66         6.45           0           0           230.42         83.76            236.87         90.21          
81             159.10         1.91           0           0           236.87         77.78            238.79         79.69          
84             167.51         6.26           0           0           238.79         71.28            245.05         77.54          
91             179.95         2.69           0           0           245.05         65.10            247.74         67.78          
92             184.28         12.40          0           0           247.74         63.45            260.14         75.85          
93             187.97         13.39          0           0           260.14         72.17            273.53         85.56          
94             192.67         2.39           0           0           273.53         80.86            275.92         83.25          
109            204.03         8.02           0           0           275.92         71.89            283.93         79.91          
110            204.27         0.37           0           0           283.93         79.67            284.30         80.04          
120            223.28         8.82           0           0           284.30         61.02            293.13         69.85          
124            234.84         7.30           0           0           293.13         58.28            300.42         65.58          
125            238.05         13.92          0           0           300.42         62.38            314.34         76.29          
126            242.97         15.50          0           0           314.34         71.37            329.84         86.87          
128            246.97         2.44           0           0           329.84         82.87            332.28         85.31          
129            249.92         0.40           0           0           332.28         82.36            332.68         82.76          
132            260.91         1.09           0           0           332.68         71.77            333.77         72.86          
139            273.71         1.52           0           0           333.77         60.06            335.29         61.58          
140            277.94         3.40           0           0           335.29         57.35            338.70         60.75          
144            284.50         0.81           0           0           338.70         54.19            339.51         55.01          
145            291.58         4.81           0           0           339.51         47.93            344.32         52.73          
147            293.70         4.20           0           0           344.32         50.62            348.52         54.82          
151            309.98         13.60          0           0           348.52         38.54            362.12         52.13          
155            319.23         2.02           0           0           362.12         42.89            364.14         44.91          
160            331.09         18.26          0           0           364.14         33.04            382.40         51.31          
161            337.08         2.17           0           0           382.40         45.32            384.57         47.50          
162            337.47         1.65           0           0           384.57         47.10            386.22         48.75          
163            339.98         2.48           0           0           386.22         46.25            388.71         48.73          
164            341.51         9.50           0           0           388.71         47.20            398.21         56.70          
165            343.03         0.17           0           0           398.21         55.18            398.38         55.35          
166            346.57         3.43           0           0           398.38         51.81            401.81         55.24          
167            346.80         12.83          0           0           401.81         55.01            414.64         67.85          
169            352.99         11.97          0           0           414.64         61.66            426.61         73.63          
175            362.90         31.25          0           0           426.61         63.71            457.86         94.96          
178            366.02         16.99          0           0           457.86         91.84            474.85         108.83         
183            384.66         0.91           0           0           474.85         90.19            475.76         91.09          
184            384.74         1.73           0           0           475.76         91.02            477.48         92.74          
185            387.10         2.14           0           0           477.48         90.38            479.63         92.53          
186            393.63         0.76           0           0           479.63         85.99            480.39         86.75          
190            400.73         3.57           0           0           480.39         79.66            483.95         83.22          
191            400.78         1.69           0           0           483.95         83.17            485.64         84.86          
193            401.81         2.82           0           0           485.64         83.83            488.46         86.65          
199            416.34         16.62          0           0           488.46         72.12            505.08         88.74          
206            428.01         4.51           0           0           505.08         77.07            509.59         81.58          
226            462.90         3.29           0           0           509.59         46.68            512.88         49.98          
233            476.07         4.09           0           0           512.88         36.81            516.98         40.90          
234            476.52         0.63           0           0           516.98         40.45            517.61         41.08          
236            478.42         40.69          0           0           517.61         39.19            558.29         79.87          

Customers who did not stay: 
Customer ID    Arrival Time   
14             33.86          
19             45.14          
22             47.28          
23             47.29          
27             63.32          
28             64.70          
29             64.86          
30             66.56          
31             69.70          
32             72.19          
37             83.29          
38             83.68          
45             96.52          
46             98.76          
47             98.85          
48             99.87          
49             100.15         
50             100.21         
51             105.57         
52             106.92         
54             114.52         
55             115.57         
56             115.81         
57             117.50         
58             118.75         
59             119.25         
60             121.62         
61             122.49         
62             123.92         
65             129.26         
66             130.55         
67             132.08         
68             137.08         
69             138.35         
70             138.44         
73             146.68         
74             146.88         
75             147.86         
76             149.52         
77             150.00         
78             150.02         
79             151.31         
80             152.09         
82             162.83         
83             163.16         
85             167.54         
86             170.40         
87             170.45         
88             170.89         
89             176.21         
90             176.30         
95             193.52         
96             193.90         
97             195.18         
98             195.89         
99             198.03         
100            198.09         
101            198.26         
102            198.26         
103            199.40         
104            200.12         
105            200.51         
106            200.89         
107            200.94         
108            202.64         
111            205.98         
112            211.95         
113            213.41         
114            215.37         
115            216.61         
116            217.08         
117            218.66         
118            218.89         
119            221.15         
121            223.42         
122            226.16         
123            229.91         
127            243.04         
130            251.31         
131            256.54         
133            266.31         
134            267.34         
135            268.76         
136            270.59         
137            270.70         
138            272.74         
141            279.75         
142            280.70         
143            282.12         
146            291.93         
148            295.22         
149            297.22         
150            298.70         
152            310.04         
153            312.24         
154            313.50         
156            320.67         
157            321.50         
158            324.72         
159            325.89         
168            347.81         
170            353.71         
171            355.49         
172            356.75         
173            359.17         
174            361.04         
176            363.17         
177            363.61         
179            370.81         
180            371.21         
181            374.83         
182            377.88         
187            393.90         
188            394.42         
189            398.13         
192            401.30         
194            403.20         
195            403.24         
196            407.13         
197            413.55         
198            414.52         
200            416.60         
201            417.85         
202            418.81         
203            423.96         
204            425.62         
205            425.74         
207            429.05         
208            431.28         
209            431.35         
210            431.38         
211            434.62         
212            438.15         
213            440.09         
214            442.88         
215            443.51         
216            443.88         
217            447.56         
218            449.01         
219            449.74         
220            451.31         
221            451.86         
222            452.93         
223            453.85         
224            456.46         
225            457.31         
227            464.52         
228            469.11         
229            469.30         
230            469.98         
231            471.91         
232            472.68         
235            477.41         

Number of queues: 1
Max allowed to wait: 10
Customer arrival rate (per hour): 30.0
Customer service time (ave min): 6.0
Number of customers arrived: 237
Number of customers serviced: 84
Number of customers turned away: 153
Number of customers who waited: 82
Avg. wait time total: 54.21938777388747
Maximum wait time: 91.84077257097033
Standard Deviation of wait time: 22.265056305861805
Avg. service time of customers: 6.602193888212316
Avg. wait of customers who waited in a queue: 55.54181186593351
Avg. total time in bank: 60.82158166209979
Teller 0 serviced 84 customers


Customer ID    Arrival Time   Service Time   Queue Loc   Teller Loc  Time Serv Beg  Time Cust Waits  Time Serv Ends Total Time     
0              0.64           5.83           -1          0           0.64           0.00             6.47           5.83           
1              9.54           13.82          -1          0           9.54           0.00             23.36          13.82          
2              11.54          2.84           0           0           23.36          11.82            26.20          14.66          
3              12.45          9.11           0           0           26.20          13.75            35.31          22.86          
4              16.20          1.39           0           0           35.31          19.12            36.70          20.50          
5              16.58          1.72           0           0           36.70          20.12            38.42          21.84          
6              20.46          2.56           0           0           38.42          17.96            40.98          20.52          
7              21.06          5.66           0           0           40.98          19.92            46.64          25.59          
8              24.97          0.42           0           0           46.64          21.68            47.07          22.10          
9              27.95          0.53           0           0           47.07          19.11            47.60          19.64          
10             28.23          1.90           0           0           47.60          19.36            49.50          21.27          
11             29.08          5.43           0           0           49.50          20.42            54.93          25.85          
12             29.62          17.39          0           0           54.93          25.31            72.31          42.69          
13             33.52          1.48           0           0           72.31          38.79            73.80          40.27          
15             36.87          0.03           0           0           73.80          36.93            73.82          36.95          
16             40.44          5.10           0           0           73.82          33.38            78.93          38.49          
17             42.86          4.99           0           0           78.93          36.07            83.91          41.06          
18             44.86          0.20           0           0           83.91          39.06            84.12          39.26          
20             46.94          0.89           0           0           84.12          37.18            85.01          38.07          
21             47.09          3.21           0           0           85.01          37.92            88.22          41.13          
24             47.76          3.11           0           0           88.22          40.45            91.32          43.56          
25             49.68          3.38           0           0           91.32          41.64            94.71          45.03          
26             58.10          15.44          0           0           94.71          36.60            110.15         52.05          
33             74.61          15.68          0           0           110.15         35.54            125.83         51.21          
34             80.41          0.73           0           0           125.83         45.42            126.56         46.15          
35             81.49          12.62          0           0           126.56         45.07            139.18         57.69          
36             82.50          2.22           0           0           139.18         56.69            141.41         58.91          
39             85.99          15.01          0           0           141.41         55.42            156.42         70.43          
40             88.01          9.66           0           0           156.42         68.41            166.08         78.07          
41             88.59          12.00          0           0           166.08         77.49            178.08         89.49          
42             90.48          0.42           0           0           178.08         87.60            178.50         88.02          
43             92.83          0.73           0           0           178.50         85.67            179.23         86.40          
44             95.48          8.96           0           0           179.23         83.75            188.19         92.72          
53             111.85         14.69          0           0           188.19         76.34            202.88         91.03          
63             127.05         0.30           0           0           202.88         75.82            203.18         76.12          
64             129.06         19.99          0           0           203.18         74.12            223.16         94.10          
71             144.91         7.26           0           0           223.16         78.25            230.42         85.51          
72             146.66         6.45           0           0           230.42         83.76            236.87         90.21          
81             159.10         1.91           0           0           236.87         77.78            238.79         79.69          
84             167.51         6.26           0           0           238.79         71.28            245.05         77.54          
91             179.95         2.69           0           0           245.05         65.10            247.74         67.78          
92             184.28         12.40          0           0           247.74         63.45            260.14         75.85          
93             187.97         13.39          0           0           260.14         72.17            273.53         85.56          
94             192.67         2.39           0           0           273.53         80.86            275.92         83.25          
109            204.03         8.02           0           0           275.92         71.89            283.93         79.91          
110            204.27         0.37           0           0           283.93         79.67            284.30         80.04          
120            223.28         8.82           0           0           284.30         61.02            293.13         69.85          
124            234.84         7.30           0           0           293.13         58.28            300.42         65.58          
125            238.05         13.92          0           0           300.42         62.38            314.34         76.29          
126            242.97         15.50          0           0           314.34         71.37            329.84         86.87          
128            246.97         2.44           0           0           329.84         82.87            332.28         85.31          
129            249.92         0.40           0           0           332.28         82.36            332.68         82.76          
132            260.91         1.09           0           0           332.68         71.77            333.77         72.86          
139            273.71         1.52           0           0           333.77         60.06            335.29         61.58          
140            277.94         3.40           0           0           335.29         57.35            338.70         60.75          
144            284.50         0.81           0           0           338.70         54.19            339.51         55.01          
145            291.58         4.81           0           0           339.51         47.93            344.32         52.73          
147            293.70         4.20           0           0           344.32         50.62            348.52         54.82          
151            309.98         13.60          0           0           348.52         38.54            362.12         52.13          
155            319.23         2.02           0           0           362.12         42.89            364.14         44.91          
160            331.09         18.26          0           0           364.14         33.04            382.40         51.31          
161            337.08         2.17           0           0           382.40         45.32            384.57         47.50          
162            337.47         1.65           0           0           384.57         47.10            386.22         48.75          
163            339.98         2.48           0           0           386.22         46.25            388.71         48.73          
164            341.51         9.50           0           0           388.71         47.20            398.21         56.70          
165            343.03         0.17           0           0           398.21         55.18            398.38         55.35          
166            346.57         3.43           0           0           398.38         51.81            401.81         55.24          
167            346.80         12.83          0           0           401.81         55.01            414.64         67.85          
169            352.99         11.97          0           0           414.64         61.66            426.61         73.63          
175            362.90         31.25          0           0           426.61         63.71            457.86         94.96          
178            366.02         16.99          0           0           457.86         91.84            474.85         108.83         
183            384.66         0.91           0           0           474.85         90.19            475.76         91.09          
184            384.74         1.73           0           0           475.76         91.02            477.48         92.74          
185            387.10         2.14           0           0           477.48         90.38            479.63         92.53          
186            393.63         0.76           0           0           479.63         85.99            480.39         86.75          
190            400.73         3.57           0           0           480.39         79.66            483.95         83.22          
191            400.78         1.69           0           0           483.95         83.17            485.64         84.86          
193            401.81         2.82           0           0           485.64         83.83            488.46         86.65          
199            416.34         16.62          0           0           488.46         72.12            505.08         88.74          
206            428.01         4.51           0           0           505.08         77.07            509.59         81.58          
226            462.90         3.29           0           0           509.59         46.68            512.88         49.98          
233            476.07         4.09           0           0           512.88         36.81            516.98         40.90          
234            476.52         0.63           0           0           516.98         40.45            517.61         41.08          
236            478.42         40.69          0           0           517.61         39.19            558.29         79.87          

Customers who did not stay: 
Customer ID    Arrival Time   
14             33.86          
19             45.14          
22             47.28          
23             47.29          
27             63.32          
28             64.70          
29             64.86          
30             66.56          
31             69.70          
32             72.19          
37             83.29          
38             83.68          
45             96.52          
46             98.76          
47             98.85          
48             99.87          
49             100.15         
50             100.21         
51             105.57         
52             106.92         
54             114.52         
55             115.57         
56             115.81         
57             117.50         
58             118.75         
59             119.25         
60             121.62         
61             122.49         
62             123.92         
65             129.26         
66             130.55         
67             132.08         
68             137.08         
69             138.35         
70             138.44         
73             146.68         
74             146.88         
75             147.86         
76             149.52         
77             150.00         
78             150.02         
79             151.31         
80             152.09         
82             162.83         
83             163.16         
85             167.54         
86             170.40         
87             170.45         
88             170.89         
89             176.21         
90             176.30         
95             193.52         
96             193.90         
97             195.18         
98             195.89         
99             198.03         
100            198.09         
101            198.26         
102            198.26         
103            199.40         
104            200.12         
105            200.51         
106            200.89         
107            200.94         
108            202.64         
111            205.98         
112            211.95         
113            213.41         
114            215.37         
115            216.61         
116            217.08         
117            218.66         
118            218.89         
119            221.15         
121            223.42         
122            226.16         
123            229.91         
127            243.04         
130            251.31         
131            256.54         
133            266.31         
134            267.34         
135            268.76         
136            270.59         
137            270.70         
138            272.74         
141            279.75         
142            280.70         
143            282.12         
146            291.93         
148            295.22         
149            297.22         
150            298.70         
152            310.04         
153            312.24         
154            313.50         
156            320.67         
157            321.50         
158            324.72         
159            325.89         
168            347.81         
170            353.71         
171            355.49         
172            356.75         
173            359.17         
174            361.04         
176            363.17         
177            363.61         
179            370.81         
180            371.21         
181            374.83         
182            377.88         
187            393.90         
188            394.42         
189            398.13         
192            401.30         
194            403.20         
195            403.24         
196            407.13         
197            413.55         
198            414.52         
200            416.60         
201            417.85         
202            418.81         
203            423.96         
204            425.62         
205            425.74         
207            429.05         
208            431.28         
209            431.35         
210            431.38         
211            434.62         
212            438.15         
213            440.09         
214            442.88         
215            443.51         
216            443.88         
217            447.56         
218            449.01         
219            449.74         
220            451.31         
221            451.86         
222            452.93         
223            453.85         
224            456.46         
225            457.31         
227            464.52         
228            469.11         
229            469.30         
230            469.98         
231            471.91         
232            472.68         
235            477.41         

Number of queues: 1
Max allowed to wait: 10
Customer arrival rate (per hour): 30.0
Customer service time (ave min): 6.0
Number of customers arrived: 237
Number of customers serviced: 84
Number of customers turned away: 153
Number of customers who waited: 82
Avg. wait time total: 54.21938777388747
Maximum wait time: 91.84077257097033
Standard Deviation of wait time: 22.265056305861805
Avg. service time of customers: 6.602193888212316
Avg. wait of customers who waited in a queue: 55.54181186593351
Avg. total time in bank: 60.82158166209979
Teller 0 serviced 84 customers
