Welcome to the Bank Simulation!
We need some information to initialize your simulation...
How many tellers will you have? How many hours will your bank be open? How many customers do you expect per hour? What is the average transaction time (in minutes) of a customer? How many people can wait in your bank? Enter a seed: 
Customer ID    Arrival Time   Service Time   Queue Loc   Teller Loc  Time Serv Beg  Time Cust Waits  Time Serv Ends Total Time     
0              0.64           5.83           -1          0           0.64           0.00             6.47           5.83           
1              9.54           13.82          -1          0           9.54           0.00             23.36          13.82          
2              11.54          2.75           -1          1           11.54          0.00             14.29          2.75           
3              15.28          1.15           -1          1           15.28          0.00             16.43          1.15           
4              19.16          1.80           -1          1           19.16          0.00             20.96          1.80           
5              23.07          2.84           -1          1           23.07          0.00             25.91          2.84           
6              26.06          9.11           -1          0           26.06          0.00             35.17          9.11           
7              26.34          2.54           -1          1           26.34          0.00             28.88          2.54           
8              26.88          11.71          -1          2           26.88          0.00             38.59          11.71          
9              27.21          9.03           -1          3           27.21          0.00             36.24          9.03           
10             27.67          2.56           0           1           28.88          1.20             31.44          3.77           
11             28.24          7.26           0           1           31.44          3.20             38.70          10.45          
12             31.81          0.84           0           0           35.17          3.35             36.01          4.19           
13             33.70          0.42           0           0           36.01          2.30             36.43          2.73           
14             35.70          0.45           0           3           36.24          0.54             36.69          0.99           
15             37.50          0.53           -1          0           37.50          0.00             38.04          0.53           
16             37.70          0.01           -1          3           37.70          0.00             37.71          0.01           
17             38.18          1.90           -1          0           38.18          0.00             40.08          1.90           
18             40.09          5.43           -1          0           40.09          0.00             45.52          5.43           
19             48.52          17.39          -1          0           48.52          0.00             65.90          17.39          
20             53.73          4.14           -1          1           53.73          0.00             57.88          4.14           
21             53.89          5.10           -1          2           53.89          0.00             58.99          5.10           
22             57.03          7.48           -1          3           57.03          0.00             64.51          7.48           
23             59.45          1.48           -1          1           59.45          0.00             60.93          1.48           
24             59.46          5.10           -1          2           59.46          0.00             64.57          5.10           
25             65.26          4.99           -1          1           65.26          0.00             70.25          4.99           
26             66.34          3.01           -1          0           66.34          0.00             69.35          3.01           
27             67.14          1.17           -1          2           67.14          0.00             68.31          1.17           
28             69.44          0.20           -1          0           69.44          0.00             69.65          0.20           
29             69.74          3.21           -1          0           69.74          0.00             72.95          3.21           
30             71.76          1.75           -1          1           71.76          0.00             73.51          1.75           
31             72.80          5.66           -1          2           72.80          0.00             78.46          5.66           
32             75.15          3.38           -1          0           75.15          0.00             78.53          3.38           
33             77.79          15.44          -1          1           77.79          0.00             93.23          15.44          
34             78.83          6.73           -1          0           78.83          0.00             85.57          6.73           
35             78.92          3.05           -1          2           78.92          0.00             81.98          3.05           
36             79.20          0.17           -1          3           79.20          0.00             79.37          0.17           
37             84.56          4.07           -1          2           84.56          0.00             88.63          4.07           
38             89.49          15.68          -1          0           89.49          0.00             105.16         15.68          
39             92.16          3.16           -1          2           92.16          0.00             95.32          3.16           
40             92.39          5.09           -1          3           92.39          0.00             97.48          5.09           
41             93.64          1.50           -1          1           93.64          0.00             95.14          1.50           
42             96.00          2.63           -1          1           96.00          0.00             98.63          2.63           
43             97.42          9.42           -1          2           97.42          0.00             106.84         9.42           
44             97.67          12.62          -1          3           97.67          0.00             110.29         12.62          
45             99.67          0.58           -1          1           99.67          0.00             100.26         0.58           
46             100.97         4.59           -1          1           100.97         0.00             105.56         4.59           
47             105.97         3.79           -1          0           105.97         0.00             109.76         3.79           
48             106.07         19.42          -1          1           106.07         0.00             125.49         19.42          
49             106.81         5.23           0           2           106.84         0.03             112.08         5.27           
50             111.81         0.05           -1          0           111.81         0.00             111.87         0.05           
51             112.01         2.94           -1          0           112.01         0.00             114.95         2.94           
52             113.67         1.45           -1          2           113.67         0.00             115.12         1.45           
53             113.70         3.85           -1          3           113.70         0.00             117.54         3.85           
54             114.48         9.66           0           0           114.95         0.47             124.62         10.13          
55             121.49         11.19          -1          2           121.49         0.00             132.68         11.19          
56             121.82         13.05          -1          3           121.82         0.00             134.87         13.05          
57             125.82         0.10           -1          0           125.82         0.00             125.91         0.10           
58             128.68         0.14           -1          0           128.68         0.00             128.82         0.14           
59             129.12         15.96          -1          0           129.12         0.00             145.09         15.96          
60             129.21         10.95          -1          1           129.21         0.00             140.16         10.95          
61             129.35         11.04          0           2           132.68         3.33             143.72         14.37          
62             129.59         14.11          0           3           134.87         5.27             148.97         19.38          
63             132.58         2.56           0           1           140.16         7.58             142.73         10.14          
64             136.91         2.12           0           1           142.73         5.81             144.85         7.94           
65             141.81         0.18           0           2           143.72         1.91             143.90         2.09           
66             142.19         0.51           0           2           143.90         1.71             144.41         2.22           
67             143.46         0.01           0           2           144.41         0.94             144.42         0.96           
68             145.61         3.40           -1          0           145.61         0.00             149.01         3.40           
69             146.33         1.17           -1          1           146.33         0.00             147.50         1.17           
70             146.71         0.15           -1          2           146.71         0.00             146.86         0.15           
71             148.41         4.15           -1          1           148.41         0.00             152.56         4.15           
72             148.51         19.99          -1          2           148.51         0.00             168.50         19.99          
73             148.75         17.90          0           3           148.97         0.22             166.87         18.12          
74             150.47         4.38           -1          0           150.47         0.00             154.85         4.38           
75             152.43         1.41           0           1           152.56         0.13             153.97         1.54           
76             153.68         0.70           0           1           153.97         0.29             154.67         0.99           
77             155.25         6.77           -1          0           155.25         0.00             162.02         6.77           
78             157.38         7.26           -1          1           157.38         0.00             164.64         7.26           
79             157.52         14.79          0           0           162.02         4.50             176.81         19.29          
80             160.26         9.61           0           1           164.64         4.38             174.25         13.99          
81             164.02         6.26           0           3           166.87         2.85             173.13         9.12           
82             166.17         0.22           0           2           168.50         2.33             168.71         2.55           
83             166.80         11.79          0           2           168.71         1.91             180.50         13.70          
84             171.73         12.40          0           3           173.13         1.41             185.54         13.81          
85             172.62         4.19           0           1           174.25         1.63             178.44         5.81           
86             175.57         13.09          0           0           176.81         1.24             189.91         14.34          
87             180.80         13.39          -1          1           180.80         0.00             194.19         13.39          
88             186.20         3.12           -1          2           186.20         0.00             189.31         3.12           
89             187.62         5.50           -1          3           187.62         0.00             193.12         5.50           
90             187.72         2.90           0           2           189.31         1.59             192.22         4.49           
91             189.76         12.70          0           0           189.91         0.14             202.61         12.85          
92             190.56         5.43           0           2           192.22         1.66             197.64         7.09           
93             193.23         2.85           -1          3           193.23         0.00             196.08         2.85           
94             194.65         7.15           -1          1           194.65         0.00             201.80         7.15           
95             194.78         21.24          0           3           196.08         1.30             217.32         22.54          
96             197.72         1.04           -1          2           197.72         0.00             198.76         1.04           
97             199.49         7.30           -1          2           199.49         0.00             206.78         7.30           
98             201.00         4.44           0           1           201.80         0.79             206.23         5.23           
99             203.01         33.85          -1          0           203.01         0.00             236.86         33.85          
100            207.65         0.17           -1          1           207.65         0.00             207.82         0.17           
101            209.84         3.79           -1          1           209.84         0.00             213.64         3.79           
102            215.57         15.50          -1          1           215.57         0.00             231.07         15.50          
103            217.01         2.50           -1          2           217.01         0.00             219.51         2.50           
104            220.23         3.51           -1          2           220.23         0.00             223.74         3.51           
105            225.43         2.44           -1          2           225.43         0.00             227.88         2.44           
106            231.42         0.40           -1          1           231.42         0.00             231.81         0.40           
107            231.78         1.52           -1          2           231.78         0.00             233.30         1.52           
108            232.92         1.19           -1          1           232.92         0.00             234.10         1.19           
109            235.42         0.81           -1          1           235.42         0.00             236.24         0.81           
110            237.03         4.59           -1          0           237.03         0.00             241.62         4.59           
111            238.54         10.62          -1          1           238.54         0.00             249.16         10.62          
112            239.95         0.70           -1          2           239.95         0.00             240.64         0.70           
113            240.96         15.53          -1          2           240.96         0.00             256.49         15.53          
114            245.49         2.17           -1          0           245.49         0.00             247.66         2.17           
115            247.27         3.78           -1          3           247.27         0.00             251.05         3.78           
116            249.69         5.58           -1          0           249.69         0.00             255.28         5.58           
117            251.56         2.02           -1          1           251.56         0.00             253.58         2.02           
118            251.82         1.33           -1          3           251.82         0.00             253.15         1.33           
119            254.24         18.26          -1          1           254.24         0.00             272.50         18.26          
120            259.03         1.18           -1          0           259.03         0.00             260.21         1.18           
121            262.65         9.17           -1          0           262.65         0.00             271.82         9.17           
122            269.43         2.17           -1          2           269.43         0.00             271.60         2.17           
123            269.98         0.23           -1          3           269.98         0.00             270.21         0.23           
124            272.34         2.48           -1          0           272.34         0.00             274.83         2.48           
125            278.88         9.50           -1          0           278.88         0.00             288.38         9.50           
126            279.14         1.55           -1          1           279.14         0.00             280.70         1.55           
127            282.85         7.80           -1          1           282.85         0.00             290.65         7.80           
128            282.91         3.43           -1          2           282.91         0.00             286.34         3.43           
129            282.96         1.54           -1          3           282.96         0.00             284.50         1.54           
130            283.48         4.17           0           3           284.50         1.02             288.67         5.19           
131            287.76         0.11           -1          2           287.76         0.00             287.87         0.11           
132            291.65         19.26          -1          0           291.65         0.00             310.90         19.26          
133            292.62         5.45           -1          1           292.62         0.00             298.07         5.45           
134            296.61         0.80           -1          2           296.61         0.00             297.41         0.80           
135            297.86         2.88           -1          2           297.86         0.00             300.74         2.88           
136            303.01         5.00           -1          1           303.01         0.00             308.01         5.00           
137            303.12         6.82           -1          2           303.12         0.00             309.94         6.82           
138            313.54         3.10           -1          0           313.54         0.00             316.64         3.10           
139            315.77         0.21           -1          1           315.77         0.00             315.98         0.21           
140            315.80         9.73           -1          2           315.80         0.00             325.53         9.73           
141            319.32         5.84           -1          0           319.32         0.00             325.17         5.84           
142            322.11         1.89           -1          1           322.11         0.00             324.00         1.89           
143            322.48         11.03          -1          3           322.48         0.00             333.51         11.03          
144            323.93         4.71           0           1           324.00         0.06             328.71         4.78           
145            324.67         3.21           0           0           325.17         0.50             328.38         3.72           
146            325.21         7.83           0           2           325.53         0.32             333.36         8.15           
147            326.13         16.99          0           0           328.38         2.25             345.37         19.24          
148            326.98         4.84           0           1           328.71         1.73             333.55         6.56           
149            332.58         0.56           0           2           333.36         0.78             333.92         1.35           
150            337.17         2.02           -1          1           337.17         0.00             339.20         2.02           
151            339.11         2.32           -1          2           339.11         0.00             341.43         2.32           
152            342.49         0.91           -1          1           342.49         0.00             343.40         0.91           
153            343.07         1.36           -1          2           343.07         0.00             344.43         1.36           
154            343.96         3.03           -1          1           343.96         0.00             346.98         3.03           
155            344.67         9.63           -1          2           344.67         0.00             354.30         9.63           
156            344.92         3.57           -1          3           344.92         0.00             348.49         3.57           
157            345.49         2.82           -1          0           345.49         0.00             348.30         2.82           
158            351.03         4.51           -1          0           351.03         0.00             355.54         4.51           
159            352.12         4.09           -1          1           352.12         0.00             356.22         4.09           
160            352.34         40.69          -1          3           352.34         0.00             393.02         40.69          
161            353.86         3.19           0           2           354.30         0.44             357.49         3.63           
162            353.98         7.71           0           0           355.54         1.56             363.24         9.26           
163            354.23         18.19          0           1           356.22         1.98             374.41         20.17          
164            354.51         1.68           0           2           357.49         2.98             359.17         4.67           
165            354.70         8.52           0           2           359.17         4.47             367.69         12.99          
166            355.18         3.36           0           0           363.24         8.06             366.60         11.42          
167            356.32         14.69          0           0           366.60         10.28            381.29         24.97          
168            357.80         2.73           0           2           367.69         9.89             370.43         12.63          
169            359.54         1.69           0           2           370.43         10.89            372.12         12.58          
170            360.96         12.82          0           2           372.12         11.15            384.94         23.98          
171            362.38         13.48          0           1           374.41         12.02            387.89         25.51          
172            362.83         19.37          0           0           381.29         18.46            400.66         37.83          
173            364.02         2.98           0           2           384.94         20.92            387.92         23.91          
174            365.42         4.77           0           1           387.89         22.47            392.66         27.25          
175            366.67         0.69           0           2           387.92         21.26            388.61         21.95          
176            368.93         0.29           0           2           388.61         19.68            388.90         19.97          
177            371.97         12.91          0           2           388.90         16.93            401.81         29.84          
178            374.56         1.97           0           1           392.66         18.10            394.64         20.07          
179            374.74         5.16           0           3           393.02         18.28            398.18         23.44          
180            376.55         9.73           0           1           394.64         18.08            404.37         27.82          
181            377.14         28.31          0           3           398.18         21.04            426.49         49.35          
185            387.17         6.27           0           0           400.66         13.48            406.93         19.75          
186            387.36         5.23           0           2           401.81         14.44            407.04         19.68          
188            389.80         7.04           0           1           404.37         14.56            411.41         21.61          
189            396.76         8.89           0           0           406.93         10.16            415.82         19.06          
190            398.80         2.97           0           2           407.04         8.24             410.01         11.21          
191            398.98         2.67           0           2           410.01         11.03            412.68         13.70          
192            400.29         5.60           0           1           411.41         11.12            417.01         16.72          
193            401.31         28.64          0           2           412.68         11.37            441.32         40.00          
194            402.82         0.30           0           0           415.82         13.00            416.12         13.29          
195            404.27         4.10           0           0           416.12         11.85            420.21         15.95          
196            404.28         1.88           0           1           417.01         12.73            418.89         14.61          
197            406.18         4.61           0           1           418.89         12.71            423.50         17.32          
198            412.43         10.50          0           0           420.21         7.78             430.71         18.28          
199            413.09         11.85          0           1           423.50         10.41            435.35         22.26          
200            414.11         2.67           0           3           426.49         12.38            429.16         15.05          
201            414.55         0.43           0           3           429.16         14.61            429.59         15.04          
202            415.41         4.84           0           3           429.59         14.19            434.43         19.02          
203            415.82         4.79           0           0           430.71         14.89            435.50         19.68          
204            415.93         12.94          0           3           434.43         18.50            447.37         31.43          
205            416.34         0.12           0           1           435.35         19.01            435.47         19.13          
206            417.69         2.89           0           1           435.47         17.78            438.36         20.67          
207            422.29         11.94          0           0           435.50         13.21            447.44         25.15          
208            422.51         3.91           0           1           438.36         15.85            442.27         19.76          
210            424.26         3.32           0           2           441.32         17.05            444.63         20.37          
211            429.03         1.04           0           1           442.27         13.23            443.31         14.27          
212            429.52         4.29           0           1           443.31         13.79            447.60         18.08          
213            435.49         4.62           0           2           444.63         9.14             449.25         13.76          
214            435.83         3.29           0           3           447.37         11.54            450.66         14.83          
215            438.01         24.35          0           0           447.44         9.42             471.79         33.78          
216            438.18         1.72           0           1           447.60         9.42             449.33         11.15          
217            438.44         2.15           0           2           449.25         10.81            451.41         12.97          
218            439.27         6.20           0           1           449.33         10.06            455.52         16.26          
219            439.42         2.55           0           3           450.66         11.23            453.20         13.78          
222            442.75         2.90           0           2           451.41         8.66             454.31         11.56          
223            446.08         11.39          0           3           453.20         7.12             464.59         18.51          
224            447.90         17.43          0           2           454.31         6.41             471.74         23.85          
225            451.06         3.35           0           1           455.52         4.46             458.87         7.81           
226            451.45         2.51           0           1           458.87         7.42             461.38         9.92           
227            458.20         1.23           0           1           461.38         3.18             462.61         4.41           
228            458.48         5.87           0           1           462.61         4.13             468.49         10.00          
229            463.57         3.89           0           3           464.59         1.02             468.48         4.91           
230            467.07         2.35           0           3           468.48         1.42             470.84         3.77           
231            468.52         3.03           -1          1           468.52         0.00             471.54         3.03           
232            474.61         0.41           -1          0           474.61         0.00             475.02         0.41           
233            476.08         4.20           -1          0           476.08         0.00             480.29         4.20           
234            476.39         4.24           -1          1           476.39         0.00             480.63         4.24           
235            477.21         3.09           -1          2           477.21         0.00             480.31         3.09           
236            478.48         2.86           -1          3           478.48         0.00             481.34         2.86           

Customers who did not stay: 
Customer ID    Arrival Time   
182            377.64         
183            379.39         
184            380.00         
187            387.70         
209            423.41         
220            440.12         
221            440.47         

Number of queues: 1
Max allowed to wait: 10
Customer arrival rate (per hour): 30.0
Customer service time (ave min): 6.0
Number of customers arrived: 237
Number of customers serviced: 230
Number of customers turned away: 7
Number of customers who waited: 100
Avg. wait time total: 3.4892340802627726
Maximum wait time: 22.4738877709367
Standard Deviation of wait time: 7.904678241673441
Avg. service time of customers: 6.0177357449439155
Avg. wait of customers who waited in a queue: 8.025238384604377
Avg. total time in bank: 9.5069698252067
Teller 0 serviced 57 customers
Teller 1 serviced 74 customers
Teller 2 serviced 63 customers
Teller 3 serviced 36 customers


Customer ID    Arrival Time   Service Time   Queue Loc   Teller Loc  Time Serv Beg  Time Cust Waits  Time Serv Ends Total Time     
0              0.64           5.83           -1          0           0.64           0.00             6.47           5.83           
1              9.54           13.82          -1          0           9.54           0.00             23.36          13.82          
2              11.54          2.75           -1          1           11.54          0.00             14.29          2.75           
3              15.28          1.15           -1          1           15.28          0.00             16.43          1.15           
4              19.16          1.80           -1          1           19.16          0.00             20.96          1.80           
5              23.07          2.84           -1          1           23.07          0.00             25.91          2.84           
6              26.06          9.11           -1          0           26.06          0.00             35.17          9.11           
7              26.34          2.54           -1          1           26.34          0.00             28.88          2.54           
8              26.88          11.71          -1          2           26.88          0.00             38.59          11.71          
9              27.21          9.03           -1          3           27.21          0.00             36.24          9.03           
10             27.67          0.84           0           0           35.17          7.50             36.01          8.33           
11             28.24          2.56           1           1           28.88          0.63             31.44          3.20           
12             31.81          7.26           -1          1           31.81          0.00             39.07          7.26           
13             33.70          5.43           1           1           39.07          5.37             44.50          10.80          
14             35.70          0.42           0           0           36.01          0.31             36.43          0.73           
15             37.50          0.45           -1          0           37.50          0.00             37.95          0.45           
16             37.68          0.59           -1          3           37.68          0.00             38.27          0.59           
17             37.68          1.90           0           0           37.95          0.27             39.85          2.17           
18             38.16          25.27          0           0           39.85          1.69             65.12          26.96          
19             40.08          17.39          -1          2           40.08          0.00             57.46          17.39          
20             45.30          4.14           -1          1           45.30          0.00             49.44          4.14           
21             45.45          5.10           -1          3           45.45          0.00             50.56          5.10           
22             48.59          15.44          0           0           65.12          16.53            80.56          31.97          
23             51.08          7.27           -1          1           51.08          0.00             58.35          7.27           
24             51.58          0.03           -1          3           51.58          0.00             51.60          0.03           
25             53.28          17.39          -1          3           53.28          0.00             70.67          17.39          
26             54.94          0.20           1           1           58.35          3.41             58.56          3.62           
27             56.02          1.17           2           2           57.46          1.44             58.63          2.61           
28             57.03          14.78          3           3           70.67          13.64            85.45          28.42          
29             57.82          0.89           2           2           58.63          0.81             59.53          1.70           
30             60.13          3.21           -1          1           60.13          0.00             63.34          3.21           
31             62.15          1.75           -1          2           62.15          0.00             63.90          1.75           
32             63.19          7.05           1           1           63.34          0.15             70.39          7.21           
33             65.07          3.38           -1          2           65.07          0.00             68.46          3.38           
34             67.72          2.63           0           0           80.56          12.85            83.19          15.48          
35             68.76          6.73           -1          2           68.76          0.00             75.49          6.73           
36             68.85          4.07           1           1           70.39          1.55             74.47          5.62           
37             69.87          8.01           2           2           75.49          5.63             83.50          13.63          
38             70.15          9.42           0           0           83.19          13.05            92.61          22.46          
39             70.20          15.68          1           1           74.47          4.26             90.14          19.94          
40             75.56          0.28           1           1           90.14          14.58            90.43          14.86          
41             76.62          0.73           2           2           83.50          6.88             84.23          7.62           
42             76.85          0.58           3           3           85.45          8.60             86.03          9.18           
43             78.55          2.22           1           1           90.43          11.88            92.65          14.10          
44             79.80          6.02           2           2           84.23          4.44             90.25          10.45          
45             80.30          3.89           3           3           86.03          5.73             89.91          9.62           
46             82.66          15.01          0           0           92.61          9.95             107.62         24.96          
47             84.08          12.00          0           0           107.62         23.54            119.62         35.54          
48             88.29          19.42          2           2           90.25          1.96             109.67         21.38          
49             89.82          3.79           3           3           89.91          0.09             93.70          3.88           
50             94.82          5.23           -1          1           94.82          0.00             100.06         5.23           
51             94.84          0.60           -1          3           94.84          0.00             95.44          0.60           
52             95.82          4.98           -1          3           95.82          0.00             100.81         4.98           
53             96.31          9.66           1           1           100.06         3.75             109.72         13.42          
54             96.33          0.10           2           2           109.67         13.34            109.77         13.44          
55             97.61          11.19          3           3           100.81         3.20             112.00         14.39          
56             98.40          14.69          0           0           119.62         21.23            134.31         35.91          
57             105.40         8.59           1           1           109.72         4.32             118.31         12.91          
58             105.73         0.42           3           3           112.00         6.27             112.42         6.69           
59             110.08         0.14           -1          2           110.08         0.00             110.22         0.14           
60             110.53         15.96          -1          2           110.53         0.00             126.49         15.96          
61             110.61         14.11          1           1           118.31         7.69             132.42         21.80          
62             114.26         0.73           -1          3           114.26         0.00             114.99         0.73           
63             117.25         12.99          -1          3           117.25         0.00             130.25         12.99          
64             120.93         5.90           0           0           134.31         13.38            140.21         19.28          
65             121.79         4.38           1           1           132.42         10.63            136.79         15.01          
66             122.17         0.01           2           2           126.49         4.32             126.50         4.33           
67             123.44         0.72           3           3           130.25         6.80             130.97         7.53           
68             124.15         6.39           0           0           140.21         16.06            146.60         22.45          
69             126.30         3.72           1           1           136.79         10.50            140.52         14.22          
70             126.35         3.40           2           2           126.50         0.15             129.90         3.55           
71             126.52         0.30           2           2           129.90         3.38             130.20         3.68           
72             127.25         19.99          2           2           130.20         2.96             150.19         22.94          
73             127.64         5.14           3           3           130.97         3.33             136.11         8.47           
74             128.01         6.45           0           0           146.60         18.59            153.05         25.04          
75             128.06         7.26           1           1           140.52         12.45            147.77         19.71          
77             131.15         6.26           2           2           150.19         19.04            156.45         25.30          
78             137.12         1.41           -1          3           137.12         0.00             138.52         1.41           
79             138.70         0.70           -1          3           138.70         0.00             139.40         0.70           
80             140.95         0.41           -1          3           140.95         0.00             141.36         0.41           
81             143.70         11.26          -1          3           143.70         0.00             154.96         11.26          
82             148.63         9.61           -1          1           148.63         0.00             158.24         9.61           
83             149.26         0.22           0           0           153.05         3.79             153.27         4.00           
84             154.19         11.79          -1          0           154.19         0.00             165.98         11.79          
85             155.08         8.84           -1          3           155.08         0.00             163.92         8.84           
86             159.22         4.19           -1          1           159.22         0.00             163.40         4.19           
87             164.44         13.09          -1          1           164.44         0.00             177.54         13.09          
88             168.91         16.20          -1          0           168.91         0.00             185.11         16.20          
89             169.95         4.25           -1          2           169.95         0.00             174.20         4.25           
90             171.78         0.33           -1          3           171.78         0.00             172.11         0.33           
91             173.82         2.90           -1          3           173.82         0.00             176.72         2.90           
92             174.61         12.70          -1          2           174.61         0.00             187.32         12.70          
93             177.29         5.43           -1          3           177.29         0.00             182.71         5.43           
94             178.24         4.26           -1          1           178.24         0.00             182.50         4.26           
95             180.62         7.30           0           0           185.11         4.49             192.40         11.79          
96             180.74         21.24          1           1           182.50         1.76             203.74         23.00          
97             183.68         1.04           -1          3           183.68         0.00             184.72         1.04           
98             185.45         4.55           -1          3           185.45         0.00             190.00         4.55           
99             187.45         4.44           -1          2           187.45         0.00             191.89         4.44           
100            198.74         13.92          -1          0           198.74         0.00             212.66         13.92          
101            198.79         6.59           -1          2           198.79         0.00             205.38         6.59           
102            200.06         17.18          -1          3           200.06         0.00             217.24         17.18          
103            205.22         4.32           -1          1           205.22         0.00             209.55         4.32           
104            206.06         9.67           -1          2           206.06         0.00             215.72         9.67           
105            207.23         0.40           0           0           212.66         5.43             213.05         5.83           
106            212.42         2.44           -1          1           212.42         0.00             214.87         2.44           
107            218.41         1.09           -1          0           218.41         0.00             219.50         1.09           
108            218.92         3.40           -1          1           218.92         0.00             222.32         3.40           
109            219.31         7.52           -1          2           219.31         0.00             226.83         7.52           
110            219.58         4.81           -1          0           219.58         0.00             224.39         4.81           
111            221.11         4.56           -1          3           221.11         0.00             225.67         4.56           
112            224.65         4.20           -1          0           224.65         0.00             228.85         4.20           
113            224.88         3.04           -1          1           224.88         0.00             227.92         3.04           
114            230.06         13.60          -1          0           230.06         0.00             243.66         13.60          
115            230.78         5.33           -1          1           230.78         0.00             236.12         5.33           
116            232.04         7.28           -1          2           232.04         0.00             239.32         7.28           
117            233.91         5.60           -1          3           233.91         0.00             239.50         5.60           
118            234.58         20.33          0           0           243.66         9.08             263.99         29.41          
119            234.85         18.26          1           1           236.12         1.27             254.38         19.53          
120            235.29         1.18           2           2           239.32         4.03             240.50         5.21           
121            237.70         0.80           1           1           254.38         16.68            255.18         17.48          
122            242.49         10.86          -1          2           242.49         0.00             253.35         10.86          
123            245.55         2.17           -1          3           245.55         0.00             247.72         2.17           
124            246.10         11.67          0           0           263.99         17.89            275.66         29.56          
125            246.18         9.50           2           2           253.35         7.18             262.85         16.68          
126            248.54         2.48           -1          3           248.54         0.00             251.02         2.48           
127            255.07         1.55           -1          3           255.07         0.00             256.63         1.55           
128            258.78         7.80           -1          1           258.78         0.00             266.58         7.80           
129            258.84         3.43           -1          3           258.84         0.00             262.27         3.43           
130            258.89         11.97          1           1           266.58         7.69             278.55         19.66          
131            259.41         0.11           2           2           262.85         3.45             262.97         3.56           
132            259.92         4.17           3           3           262.27         2.35             266.44         6.52           
133            264.20         19.26          -1          2           264.20         0.00             283.46         19.26          
134            265.18         31.25          0           0           275.66         10.48            306.91         41.73          
135            266.99         0.80           -1          3           266.99         0.00             267.79         0.80           
136            268.24         2.88           -1          3           268.24         0.00             271.12         2.88           
137            273.39         5.00           -1          3           273.39         0.00             278.39         5.00           
138            273.50         0.21           1           1           278.55         5.05             278.77         5.27           
139            275.78         9.63           0           0           306.91         31.13            316.54         40.76          
140            276.81         8.35           2           2           283.46         6.65             291.80         14.99          
141            279.04         0.09           -1          1           279.04         0.00             279.13         0.09           
142            282.29         10.57          -1          1           282.29         0.00             292.86         10.57          
143            284.23         1.89           -1          3           284.23         0.00             286.13         1.89           
144            284.61         16.77          1           1           292.86         8.25             309.63         25.02          
145            288.29         4.35           -1          3           288.29         0.00             292.64         4.35           
146            289.02         2.75           2           2           291.80         2.79             294.55         5.54           
147            290.59         2.56           3           3           292.64         2.05             295.20         4.61           
148            291.14         7.71           0           0           316.54         25.40            324.24         33.11          
149            292.21         16.99          2           2           294.55         2.35             311.54         19.33          
150            294.82         16.62          1           1           309.63         14.81            326.25         31.43          
151            296.43         13.79          -1          3           296.43         0.00             310.22         13.79          
152            296.62         0.63           2           2           311.54         14.92            312.17         15.56          
153            297.29         4.51           3           3           310.22         12.93            314.73         17.43          
154            299.23         3.56           1           1           326.25         27.02            329.81         30.59          
155            300.00         40.69          2           2           312.17         12.17            352.86         52.86          
156            303.39         3.19           3           3           314.73         11.34            317.92         14.53          
157            303.69         4.28           0           0           324.24         20.55            328.52         24.83          
158            304.27         6.79           1           1           329.81         25.55            336.61         32.34          
162            307.33         3.75           0           0           328.52         21.19            332.27         24.94          
166            310.27         4.45           3           3           317.92         7.64             322.37         12.09          
167            311.37         13.48          1           1           336.61         25.23            350.09         38.71          
168            312.74         1.97           2           2           352.86         40.12            354.84         42.10          
169            314.26         5.16           2           2           354.84         40.58            359.99         45.74          
172            314.91         1.68           3           3           322.37         7.46             324.05         9.14           
175            316.72         2.73           0           0           332.27         15.55            335.01         18.29          
176            322.78         8.52           3           3           324.05         1.27             332.57         9.79           
177            324.52         9.11           3           3           332.57         8.05             341.68         17.17          
178            325.94         1.85           3           3           341.68         15.75            343.54         17.60          
179            326.38         12.82          0           0           335.01         8.62             347.83         21.45          
180            327.50         4.77           1           1           350.09         22.58            354.86         27.35          
181            328.90         2.98           0           0           347.83         18.93            350.82         21.91          
182            333.80         19.37          3           3           343.54         9.74             362.90         29.11          
183            334.36         0.69           0           0           350.82         16.45            351.50         17.14          
184            336.96         9.73           1           1           354.86         17.90            364.59         27.63          
185            337.14         0.29           0           0           351.50         14.37            351.79         14.65          
186            338.94         3.07           1           1           364.59         25.65            367.66         28.72          
189            341.78         3.92           3           3           362.90         21.13            366.82         25.05          
190            348.95         6.27           3           3           366.82         17.88            373.09         24.14          
191            349.14         20.88          0           0           351.79         2.65             372.67         23.53          
193            351.58         8.89           0           0           372.67         21.09            381.56         29.99          
194            355.88         0.53           2           2           359.99         4.11             360.53         4.65           
195            357.92         1.33           0           0           381.56         23.64            382.89         24.97          
196            367.36         4.53           -1          2           367.36         0.00             371.88         4.53           
197            369.10         4.33           -1          1           369.10         0.00             373.43         4.33           
198            369.11         5.60           1           1           373.43         4.32             379.03         9.92           
199            371.02         18.76          2           2           371.88         0.87             390.64         19.63          
200            373.37         2.97           -1          3           373.37         0.00             376.34         2.97           
201            374.26         3.06           1           1           379.03         4.78             382.10         7.84           
202            374.91         2.67           2           2           390.64         15.73            393.32         18.41          
203            384.46         2.56           -1          0           384.46         0.00             387.02         2.56           
204            384.87         0.30           -1          1           384.87         0.00             385.17         0.30           
205            384.98         1.23           -1          3           384.98         0.00             386.21         1.23           
206            386.35         4.03           -1          1           386.35         0.00             390.38         4.03           
207            386.98         13.81          -1          3           386.98         0.00             400.79         13.81          
208            388.51         10.50          -1          0           388.51         0.00             399.01         10.50          
209            388.73         4.79           0           0           399.01         10.28            403.80         15.06          
210            389.63         11.85          1           1           390.38         0.75             402.23         12.60          
211            390.48         1.02           1           1           402.23         11.75            403.25         12.77          
212            395.26         1.47           -1          2           395.26         0.00             396.72         1.47           
213            395.40         4.84           2           2           396.72         1.32             401.56         6.16           
214            401.37         12.94          -1          3           401.37         0.00             414.31         12.94          
215            401.41         0.50           0           0           403.80         2.39             404.30         2.89           
216            402.37         11.94          -1          2           402.37         0.00             414.31         11.94          
217            404.55         0.78           -1          0           404.55         0.00             405.33         0.78           
218            405.86         2.48           -1          0           405.86         0.00             408.34         2.48           
219            406.02         2.10           -1          1           406.02         0.00             408.12         2.10           
220            406.36         3.32           0           0           408.34         1.98             411.65         5.30           
221            408.64         1.04           -1          1           408.64         0.00             409.68         1.04           
222            411.97         4.29           -1          0           411.97         0.00             416.26         4.29           
223            413.51         5.45           -1          1           413.51         0.00             418.96         5.45           
224            414.61         24.35          -1          2           414.61         0.00             438.96         24.35          
225            415.18         9.49           -1          3           415.18         0.00             424.67         9.49           
226            415.90         2.55           0           0           416.26         0.36             418.81         2.91           
227            417.96         20.23          0           0           418.81         0.84             439.04         21.07          
228            418.36         11.39          1           1           418.96         0.60             430.34         11.98          
229            419.33         4.20           0           0           439.04         19.71            443.24         23.91          
230            425.14         3.35           -1          3           425.14         0.00             428.49         3.35           
231            425.42         2.51           1           1           430.34         4.92             432.85         7.43           
232            430.51         1.23           -1          3           430.51         0.00             431.74         1.23           
233            432.47         10.49          -1          3           432.47         0.00             442.96         10.49          
234            433.77         4.35           -1          1           433.77         0.00             438.12         4.35           
235            434.55         0.41           1           1           438.12         3.57             438.52         3.97           
236            435.56         4.41           2           2           438.96         3.40             443.37         7.80           
237            441.66         0.93           -1          1           441.66         0.00             442.59         0.93           
238            443.07         2.46           -1          1           443.07         0.00             445.53         2.46           
239            444.10         3.79           -1          0           444.10         0.00             447.90         3.79           
240            445.06         7.31           -1          2           445.06         0.00             452.37         7.31           
241            446.02         3.28           -1          1           446.02         0.00             449.30         3.28           
242            447.03         0.40           -1          3           447.03         0.00             447.43         0.40           
243            452.41         5.01           -1          0           452.41         0.00             457.41         5.01           
244            454.12         4.50           -1          1           454.12         0.00             458.62         4.50           
245            456.10         0.83           -1          2           456.10         0.00             456.93         0.83           
246            459.52         1.48           -1          0           459.52         0.00             461.00         1.48           
247            459.88         0.88           -1          1           459.88         0.00             460.76         0.88           
248            461.08         0.17           -1          0           461.08         0.00             461.25         0.17           
249            462.10         3.36           -1          0           462.10         0.00             465.46         3.36           
250            479.93         14.89          -1          0           479.93         0.00             494.81         14.89          
251            485.03         0.96           -1          1           485.03         0.00             485.99         0.96           

Customers who did not stay: 
Customer ID    Arrival Time   
76             129.77         
159            304.72         
160            305.61         
161            306.62         
163            307.58         
164            308.77         
165            309.34         
170            314.38         
171            314.64         
173            315.10         
174            315.58         
187            339.53         
188            340.03         
192            349.48         

Number of queues: 4
Max allowed to wait: 10
Customer arrival rate (per hour): 30.0
Customer service time (ave min): 6.0
Number of customers arrived: 252
Number of customers serviced: 238
Number of customers turned away: 14
Number of customers who waited: 118
Avg. wait time total: 4.923484190089549
Maximum wait time: 40.57567421965558
Standard Deviation of wait time: 9.911500600647132
Avg. service time of customers: 6.417731193746276
Avg. wait of customers who waited in a queue: 9.930417264756885
Avg. total time in bank: 11.341215383835815
Teller 0 serviced 59 customers
Teller 1 serviced 69 customers
Teller 2 serviced 49 customers
Teller 3 serviced 61 customers
